5572
5573
5576
5582
5584
5586
5590
5592
5611
5621
5631
5635
5637
5641
5652
5675
5682
5696
5714
5718
5722
5737
5742
5744
5746
5747
5752
5753
5756
5760
5762
5770
5776
5784
5793
5795
5800
5804
5813
5814
5817
5834
5836
5849
5868
5869
5872
5883
5887
5893
5897
5900
5901
5902
5905
5910
5912
5913
5923
5928
5933
5940
5942
5944
5948
5953
5959
5961
5969
5972
5974
5979
5983
5988
5991
5996
6000
6009
6014
6016
6017
6019
6028
6031
6033
6035
6036
6041
6043
6045
6048
6050
6052
6056
6057
6059
6062
6064
6065
6069
6072
6075
6081
6082
6083
6085
6086
6089
6095
6099
6102
6103
6104
6117
6119
6127
6130
6134
6135
6142
6147
6150
6158
6161
6165
6166
6172
6177
6182
6186
6201
6203
6205
6208
6213
6220
6221
6225
6228
6230
6233
6239
6242
6247
6249
6254
6259
6262
6264
6267
6301
5405
5408
5411
5413
5415
5420
5424
5426
5429
5433
5435
5439
5443
5444
5447
5450
5454
5457
5459
5463
5464
5470
5475
5478
5482
5486
5491
5492
5493
5494
5495
5496
5497
5498
5499
5500
5501
5502
5503
5504
5506
5521
5523
5528
5533
5535
5537
5541
5549
5552
5555
5558
5559
5561
5562
5566